#=== VERTICES ===

#Num of vertices
124

#floor (0 - 3)
600.0 0.0 0.0
0.0 0.0 0.0
0.0 0.0 600.0
600.0 0.0 600.0

#ceiling (4 - 7)
600.0 400.0 0.0
0.0 400 0.0
0.0 400 600.0
600.0 400 600.0


#light (8 - 11)
325.0 350.0 275.0
275.0 350.0 275.0
275.0 350.0 325.0
325.0 350.0 325.0


#light middle (12 - 15)
337.5 375.0 262.5
262.5 375.0 262.5
262.5 375.0 337.5
337.5 375.0 337.5


#light base (16 - 19)
325.0 400.0 275.0
275.0 400.0 275.0
275.0 400.0 325.0
325.0 400.0 325.0


# Table Level 1 Top (20 - 23)
150.0 150.0 100.0
0.0 150.0 100.0
0.0 150.0 500.0
150.0 150.0 500.0

# Table Level 1 Bottom (24 - 27)
150.0 0.0 100.0
0.0 0.0 100.0
0.0 0.0 500.0
150.0 0.0 500.0

# Table Level 2 Top (28 - 31)
150.0 140.0 110.0
0.0 140.0 110.0
0.0 140.0 490.0
150.0 140.0 490.0

# Table Level 1 Bottom (32 - 35)
150.0 0.0 110.0
0.0 0.0 110.0
0.0 0.0 490.0
150.0 0.0 490.0


# Case1 Up (36 - 39)
75.0 375.0 370.0
0.0 375.0 370.0
0.0 375.0 520.0
75.0 375.0 520.0

# Case1 Down (40 - 43)
75.0 325.0 370.0
0.0 325.0 370.0
0.0 325.0 520.0
75.0 325.0 520.0

# Case1 Up Inside (44 - 47)
75.0 370.0 375.0
0.0 370.0 375.0
0.0 370.0 515.0
75.0 370.0 515.0

# Case1 Down Inside (48 - 51)
75.0 330.0 375.0
0.0 330.0 375.0
0.0 330.0 515.0
75.0 330.0 515.0


###################

# Case2 Up (52 - 55)
75.0 325.0 300.0
0.0 325.0 300.0
0.0 325.0 450.0
75.0 325.0 450.0

# Case2 Down (56 - 59)
75.0 275.0 300.0
0.0 275.0 300.0
0.0 275.0 450.0
75.0 275.0 450.0

# Case2 Up Inside (60 - 63)
75.0 320.0 305.0
0.0 320.0 305.0
0.0 320.0 445.0
75.0 320.0 445.0

# Case2 Down Inside (64 - 67)
75.0 280.0 305.0
0.0 280.0 305.0
0.0 280.0 445.0
75.0 280.0 445.0

###################

# Case3 Up (68 - 71)
75.0 275.0 370.0
0.0 275.0 370.0
0.0 275.0 520.0
75.0 275.0 520.0

# Case3 Down (72 - 75)
75.0 225.0 370.0
0.0 225.0 370.0
0.0 225.0 520.0
75.0 225.0 520.0

# Case3 Up Inside (76 - 79)
75.0 270.0 375.0
0.0 270.0 375.0
0.0 270.0 515.0
75.0 270.0 515.0

# Case3 Down Inside (80 - 83)
75.0 230.0 375.0
0.0 230.0 375.0
0.0 230.0 515.0
75.0 230.0 515.0


#######
#cupboard outer top (84 - 87)
500.0 250.0 500.0
600.0 250.0 500.0
600.0 250.0 100.0
500.0 250.0 100.0

#cupboard outer btm (88 - 91)
500.0 0.0 500.0
600.0 0.0 500.0
600.0 0.0 100.0
500.0 0.0 100.0

#cupboard inner front (92 - 95)
500.0 10.0 110.0
500.0 10.0 490.0
500.0 240.0 490.0
500.0 240.0 110.0

#doors left and right (96 - 99)
500.0 10.0 299.0
500.0 10.0 301.0
500.0 240.0 301.0
500.0 240.0 299.0

# lamp top (100 - 101)
100.0 250.0 175.0
50.0 250.0 175.0
50.0 250.0 225.0
100.0 250.0 225.0

# lamp side (104 - 107)
110.0 220.0 165.0
40.0 220.0 165.0
40.0 220.0 235.0
110.0 220.0 235.0

# lamp bottom up(108 - 111)
105.0 155.0 170.0
45.0 155.0 170.0
45.0 155.0 230.0
105.0 155.0 230.0

# lamp bottom down(112 - 115)
105.0 150.0 170.0
45.0 150.0 170.0
45.0 150.0 230.0
105.0 150.0 230.0

# lamp center up(116 - 119)
77.0 250.0 198.0
73.0 250.0 198.0
73.0 250.0 202.0
77.0 250.0 202.0

# lamp center down(120 - 123)
77.0 150.0 198.0
73.0 150.0 198.0
73.0 150.0 202.0
77.0 150.0 202.0

#=== MATERIALS ===

#Number of materials
8

#Each material is specified by two lines.
#First line is the RGB reflectivity.
#Second line is the RGB emission.
#The first material has index 0.


# 0 light
0.90 0.90 0.90
160.0 160.0 160.0

# 1 white
0.80 0.85 0.80
0.0 0.0 0.0

# 2 brown
0.647059 0.164706 0.164706
0.0 0.0 0.0

# 3 lamp light
1.0 1.0 0.875
80.0 80.0 80.0

# 4 medium wood
0.65 0.50 0.39
0.0 0.0 0.0

# 5 Very Dark Brown 
0.35 0.16 0.14
0.0 0.0 0.0

# 6 light blue
0.3 0.6 1.0
0.0 0.0 0.0


# 7 yellow
0.719 0.523 0.043
0.0 0.0 0.0



#=== SURFACES ===

#Number of surfaces
54
# with lamp side


#floor (white)
1
1
0 1 2 3

#ceiling
1
4
17 18 6 5
16 17 5 4
19 16 4 7
18 19 7 6

#left wall
6
1
1 5 6 2

#right wall
6
1
3 7 4 0

#back wall
2
1
0 4 5 1

#light
0
1
11 10 9 8

#light level 1
0
4
10 11 15 14
8 12 15 11
13 12 8 9
10 14 13 9

#light level 2
0
4
14 15 19 18
15 12 16 19
17 16 12 13
18 17 13 14

# Table Top
7
1
20 21 22 23

# Table Front
1
1
23 22 26 27

# Table Back
1
1
21 20 24 25

# Table Font-Inside
1
1
30 31 35 34

# Table Back-Inside
1
1
28 29 33 32

# Table Side-Up
7
1
31 28 20 23

# Table Leg Side
1
1
23 27 35 31 

# Table Leg Side
1
1
20 28 32 24


# Case 1 Outside Top
1
1
36 37 38 39

# Case 1 Outside Bottom
1
1
40 41 42 43

# Case 1 Outside Front
1
1
39 38 42 43

# Case 1 Outside Back
1
1
37 36 40 41

# Case 1 Inside Top
1
1
44 45 46 47

# Case 1 Inside Bottom
1
1
48 49 50 51

# Case 1 Inside Front
1
1
47 46 50 51

# Case 1 Inside Back
1
1
45 44 48 49

# Case 1 side 
1
4
47 44 36 39
36 44 48 40
47 39 43 51
48 51 43 40

###################

# Case 2 Outside Top
7
1
52 53 54 55

# Case 2 Outside Bottom
7
1
56 57 58 59

# Case 2 Outside Front
7
1
55 54 58 59

# Case 2 Outside Back
7
1
53 52 56 57

# Case 2 Inside Top
7
1
60 61 62 63

# Case 2 Inside Bottom
7
1
64 65 66 67

# Case 2 Inside Front
7
1
63 62 66 67

# Case 2 Inside Back
7
1
61 60 64 65

# Case 2 side 
7
4
63 60 52 55
52 60 64 56
63 55 59 67
64 67 59 56

###################

# Case 3 Outside Top
1
1
68 69 70 71

# Case 3 Outside Bottom
1
1
72 73 74 75

# Case 3 Outside Front
1
1
71 70 74 75

# Case 3 Outside Back
1
1
69 68 72 73

# Case 3 Inside Top
1
1
76 77 78 79

# Case 3 Inside Bottom
1
1
80 81 82 83

# Case 3 Inside Front
1
1
79 78 82 83

# Case 3 Inside Back
1
1
77 76 80 81

# Case 3 side 
1
4
79 76 68 71
68 76 80 72
79 71 75 83
80 83 75 72


################

#cupboard top
5
1
84 85 86 87

#cupboard front 
5
4
95 87 91 92
92 91 88 93
93 88 84 94
95 94 84 87

#cupboard outer side
5
1
88 89 85 84

#cupboard inner side
5
1
87 86 90 91

#left door
4
1
92 96 99 95

#right door
4
1
97 93 94 98


################

# lamp top
3
1
100 101 102 103

# lamp side
3
4
103 102 106 107
100 103 107 104
101 100 104 105
102 101 105 106 

# lamp bottom up
1
1
108 109 110 111

# lamp bottom side
1
4
111 110 114 115
108 111 115 112
109 108 112 113
110 109 113 114

# lamp center side
1
4
119 118 122 123
116 119 123 120
117 116 120 121
118 117 121 122


#End of file.

